0|0|0|0|0|0|0|0|0|0|0|0|0|0|0|0|0|0|0|0|0|0|0|0|0|0|0|0|0|0|0|0|0|0|0|0|0|0|0|0|0|0|0|0|0|0|0|0|0|0|0|0|0|0|0|0|0|0|0|0|0|0|0|0|0|0|0|0|0|0|0|0|0|0|0|0|0|0|0|0|0|0|0|0|0|0|0|0|0|0|0|0|0|0|0|0|0|0|0|0
0|-58|-81|-99|85|20|-45|-30|43|18|72|-56|95|-92|59|-77|64|35|29|9|16|33|68|-19|67|-84|43|-28|-16|-77|-30|77|30|-80|-63|20|19|99|-17|85|29|68|96|-53|-64|14|0|8|88|-40|39|57|-79|-63|-26|-63|-88|89|-37|-54|21|90|58|-69|97|38|-8|-62|10|-18|78|72|43|63|-44|-94|81|-92|29|9|-30|34|99|94|-10|73|48|48|-4|-69|58|97|53|-10|-73|47|94|55|-7|0
0|-83|-4|4|9|-76|46|-7|-15|-85|39|-97|49|-63|21|28|69|99|74|-77|49|-72|-47|39|18|30|2|-2|-27|-31|-81|-58|-74|-93|-92|73|-84|-51|17|12|-6|2|46|61|72|-34|-84|-40|-19|-57|8|79|-52|-71|-62|-42|83|32|-71|-23|51|85|-32|-86|69|56|-26|7|-68|-97|63|-2|10|89|-90|4|92|63|97|-17|26|-65|-22|78|26|-38|87|-66|77|35|-99|-56|60|-79|-23|91|-44|-89|-54|0
0|-78|28|-40|-49|-16|76|55|79|-64|60|-20|-57|81|-70|-48|-62|-45|-40|95|-65|-60|20|-57|-80|98|-64|40|-28|-54|4|-47|97|-85|15|-18|82|-100|76|-52|77|2|63|4|-29|65|14|-25|26|84|-52|17|95|29|31|12|-73|30|-68|84|-19|89|16|-75|40|53|-68|9|-36|12|-45|-10|53|40|-70|-63|0|-31|12|-23|-18|-77|-61|11|97|-20|62|66|-50|-48|89|89|-6|-90|96|-90|-99|21|15|0
0|-73|-98|36|78|54|95|-97|-68|-88|94|-23|61|16|7|-73|-33|-54|51|-95|72|-48|8|86|43|-32|-17|-36|-72|30|-30|36|3|-49|20|-94|49|39|59|-22|81|-28|-34|44|-11|-11|32|77|-6|84|-6|-74|-47|59|-38|11|16|-71|-25|13|-28|-39|-44|-62|-8|-59|-89|-6|81|68|-34|88|-59|42|43|-33|-86|66|75|24|-52|-80|-58|-6|81|60|22|-26|-95|60|71|-52|12|95|95|26|74|32|63|0
0|72|-64|97|10|-34|62|58|85|-32|-27|24|45|-31|66|-75|100|27|-88|47|44|-56|76|-72|16|50|15|52|81|5|-35|-54|4|0|5|73|39|2|82|5|96|56|-28|-29|24|20|91|-24|-71|-15|76|-89|71|-90|-57|3|93|32|70|69|17|-33|80|-80|2|14|-53|68|-72|93|61|-50|65|44|82|1|39|50|35|-18|90|54|85|95|45|41|41|37|96|29|65|9|3|-64|34|-12|89|11|97|0
0|-97|75|-88|47|50|-54|-31|-51|8|-68|-33|-21|-57|-79|-36|88|-85|24|11|-62|56|-51|-53|-90|-37|0|-83|-81|52|-78|-58|-93|-76|-64|-53|-17|65|61|-65|10|-72|-60|-8|1|-20|-68|83|93|74|-23|-66|-4|-54|29|59|-31|-11|9|-38|40|4|27|91|-59|-75|-15|-17|-50|-52|38|-31|11|-34|-35|-42|0|-31|88|27|3|75|-16|-90|-25|-60|-3|8|29|12|-58|84|46|-30|51|82|39|9|-99|0
0|-65|-5|18|52|61|-43|-72|87|-82|-31|42|59|1|15|18|-69|43|16|91|-92|-41|81|24|-20|-56|-86|13|6|-27|12|25|-99|-23|62|-27|92|37|-84|-30|-25|47|-90|-58|89|17|65|-10|-71|63|-98|-69|-32|40|70|54|-45|-100|-35|81|-33|-38|-17|71|82|23|14|-2|-93|-36|-16|-90|74|20|-25|14|5|-25|-68|46|-32|82|78|69|32|48|1|-9|26|-40|35|-61|57|52|10|91|56|88|-41|0
0|-17|-17|-66|-33|31|-85|25|38|90|84|23|-15|-51|-33|78|87|-52|5|33|-44|78|-23|45|-42|-70|8|45|-70|26|-34|-4|-3|7|88|-30|-57|-10|-47|-82|-51|-64|88|-26|-98|6|-51|51|-19|-20|-7|-33|-20|82|99|81|-6|-34|-18|-7|37|-67|-21|-26|-92|-52|29|-29|13|-20|65|69|13|53|6|-28|-22|77|-51|-65|-39|25|60|26|-67|51|-67|98|8|70|82|-82|74|-20|35|-35|54|-55|-83|0
0|82|1|38|-20|42|-36|-31|84|21|82|-99|54|53|-14|-76|-86|24|-59|18|-62|48|10|67|-72|27|-11|-68|-26|88|88|-94|-8|-97|-55|-87|28|22|43|29|-3|-43|67|-98|-22|-20|88|-95|-42|67|78|-18|93|84|-7|-33|-58|27|-34|58|90|75|-99|98|-33|-14|96|-65|39|28|-53|-65|-48|30|-74|70|36|61|-95|-95|-13|94|-55|-71|-48|-83|98|-96|-8|71|-99|77|-60|58|-59|-36|-100|-10|31|0
0|42|-81|-45|43|-54|90|-17|-29|70|47|91|-58|86|50|-23|-24|-18|16|-54|-32|-32|32|-92|54|40|-22|-33|-48|79|-33|-94|95|63|-62|-82|-56|-25|-71|-11|-42|21|-71|-29|58|-11|54|41|-11|2|13|49|58|-72|-70|-14|10|-44|12|24|-7|75|-76|-98|-15|2|28|-21|-9|-52|-43|-51|-48|7|5|27|78|60|-84|73|59|-12|59|47|20|58|-56|-70|-85|-74|84|86|90|-26|35|15|11|36|5|0
0|86|-16|9|41|-17|-100|21|-6|23|59|-31|-64|-3|-11|11|-78|-97|82|-46|49|-83|-32|-53|-11|93|54|52|58|18|79|43|50|85|0|-55|12|6|-33|-24|91|-79|-8|72|-61|78|-30|-19|-32|-77|-19|51|-39|63|-55|42|98|58|-40|-100|-98|17|-91|-22|-77|99|-22|-24|63|-19|-12|62|-19|52|-3|-28|95|87|80|42|80|-95|67|-94|-55|81|-21|39|49|88|-70|-81|88|88|-99|-94|-9|57|14|0
0|-89|-71|3|40|-57|36|-99|-84|17|54|14|-36|-67|98|-47|42|-81|35|61|-81|53|6|-72|37|19|-91|-95|-86|100|-87|-24|10|-22|89|-47|67|-90|-60|-78|76|-81|-39|-16|88|-74|18|21|35|-49|-8|-87|-16|-48|40|70|-4|12|-49|42|75|80|-4|38|-33|-6|79|-93|-24|-18|-3|-91|40|95|-5|62|50|-3|-57|-50|9|-21|-64|20|59|73|-24|-63|-99|-57|-82|70|-94|82|-33|-33|-36|41|61|0
0|-24|6|-42|-82|-78|73|-19|42|-23|-36|-33|-97|70|-18|1|-60|81|-76|44|68|73|46|13|-4|-95|67|44|-21|34|16|-49|-22|75|14|-38|-67|81|0|-24|88|21|-3|73|5|43|26|51|86|-83|8|34|50|-81|9|9|16|-25|84|-74|-35|-84|82|73|-86|-44|7|-2|74|85|-16|84|-26|9|-78|-42|-8|2|83|11|-94|34|90|-24|-26|-51|11|-68|-53|-93|67|5|-66|50|-92|53|-11|27|44|0
0|80|3|14|-77|23|-99|-94|-22|-19|67|-92|-65|-71|-1|29|-30|-16|-2|31|-78|58|46|33|-9|95|-74|-65|89|84|31|43|64|-28|-11|8|88|-74|-43|-59|44|-90|23|66|53|-37|15|-17|16|-91|69|-97|55|-5|93|78|-29|-82|99|-56|-54|77|-64|-38|48|-86|-99|50|-23|-14|-5|33|12|22|7|-46|-44|-38|10|-9|7|-37|-70|25|49|12|1|-87|-63|15|42|34|96|81|-64|-53|-70|29|-60|0
0|31|-78|92|-83|-23|36|78|-9|54|-83|30|60|42|13|3|79|43|6|83|2|-48|-84|-66|-14|-24|48|84|55|-77|12|42|57|20|8|26|54|-59|-68|-66|-92|-99|-15|66|-45|39|66|-59|-94|66|42|-10|21|-55|59|100|61|-53|-28|11|68|44|-12|24|-1|31|-36|44|-79|-22|-34|93|-66|-33|28|12|42|31|42|71|75|-30|62|48|26|-48|94|70|77|58|7|97|-57|-47|18|64|-64|46|-78|0
0|-6|40|13|-81|-73|47|-92|-69|-87|64|-45|23|86|-51|24|-91|-54|-45|-38|64|35|100|-26|59|17|6|49|83|47|-22|27|-50|-75|-77|64|93|98|-88|-69|46|66|-67|60|-18|34|-37|41|-30|19|28|27|66|-9|-97|-92|-62|7|46|-68|-53|78|52|12|98|-33|-19|29|68|60|-50|-12|-87|-35|69|-56|57|100|-40|89|-89|69|-12|-8|-71|52|-52|12|32|22|-41|-54|-10|35|-3|44|89|-64|-33|0
0|-5|-61|-64|99|32|-53|-71|-70|-83|-5|96|-37|-98|-97|17|-90|34|-51|40|-91|31|32|35|-91|-16|16|-70|-46|-38|10|33|65|-7|90|81|19|78|27|93|13|-28|-74|1|-3|10|-8|23|-72|29|-95|90|14|56|75|-39|80|-12|18|-8|80|26|23|59|-13|68|43|-83|-58|1|3|27|-77|-37|97|77|81|95|-74|95|69|90|24|-3|35|64|-69|65|-42|84|66|-79|33|100|55|15|-91|67|-16|0
0|-7|58|19|28|-49|-35|-43|-31|15|57|-46|76|68|-38|-98|-54|-11|30|21|78|-48|-78|-76|56|-75|-65|-22|93|94|97|-92|26|10|-56|80|3|58|64|-50|-56|-89|-76|9|77|51|30|57|-59|44|-63|-8|44|72|0|-92|-14|23|16|-56|32|-51|-19|-40|-17|76|4|69|24|-8|-40|-32|95|-17|-87|-64|-27|-22|61|42|-13|69|76|-73|-80|-61|77|24|-42|-20|72|99|4|46|-96|49|-70|26|-39|0
0|99|-21|-63|13|-24|1|31|-28|22|12|-92|-82|-25|72|-97|-60|-74|-94|-27|-41|95|13|-74|-97|69|-86|99|-93|-27|-26|-29|-72|4|63|-20|65|9|-39|-24|-50|-44|22|86|-60|86|59|-66|72|50|35|53|-27|-23|78|93|-29|99|-28|-31|27|99|32|-10|56|-73|93|-77|34|36|94|-82|-37|-53|-51|25|14|74|-33|-73|-14|67|-39|-8|-59|-83|-69|55|93|-98|-9|-42|-58|-67|39|-70|97|-27|-25|0
0|-74|-23|25|-10|100|-60|-30|-1|79|-49|83|49|-8|85|-93|85|-11|-39|-42|-31|-44|16|-50|27|-87|-67|34|-20|52|100|-1|-35|21|-96|86|52|-82|36|-47|98|-42|-73|-42|49|80|73|-99|92|12|-48|72|-72|-9|-24|-100|-56|10|32|32|43|-43|-45|20|73|-6|30|58|-43|85|-5|-88|-68|-62|98|94|42|-10|-93|57|33|88|90|-99|-61|84|53|-70|-99|34|11|55|41|-100|-52|85|-88|36|44|0
0|-59|-31|13|-12|74|-77|37|-45|-72|39|0|-46|-54|-94|-30|65|10|-37|-91|-4|-74|48|-41|50|-50|70|40|-67|-12|82|97|10|52|-55|100|-33|-35|96|-83|-67|24|-32|-97|74|15|-24|31|-5|9|-86|51|-90|1|-92|40|79|0|-26|-3|-35|72|-71|41|-77|68|80|-51|-78|-84|-58|26|95|76|23|53|88|51|-36|63|6|-77|27|39|96|-33|-65|12|-33|-70|-28|-89|-73|66|73|-61|-66|17|50|0
0|-58|-63|1|18|21|-95|74|99|39|87|-9|25|-88|60|67|89|-36|-28|-78|58|-45|-46|-62|-30|-28|-21|20|14|-43|43|-34|-39|-76|-24|43|-79|-45|-93|-93|-65|-99|-32|22|82|68|13|-99|-60|-20|-42|92|92|83|48|19|-59|67|31|8|-30|85|-67|-6|-43|-72|-93|-20|34|-64|44|98|38|78|-45|-63|26|86|-8|-22|3|-11|-28|-85|-20|-81|-83|45|14|-10|-37|-8|-53|-13|76|-77|5|-25|54|0
0|-13|-47|1|-38|-13|81|-24|50|-16|-20|43|-72|-67|58|17|62|8|93|12|65|92|-79|99|-59|-89|-25|29|97|-52|91|-68|70|66|-53|-100|-57|16|-52|-86|48|27|36|8|-32|39|-90|-10|-60|39|-72|33|37|-60|-88|91|47|-74|-77|52|-10|-63|87|-85|-61|-49|32|-40|-51|17|65|-77|-75|-10|96|-14|-15|-14|-20|-17|-75|19|-2|-28|-13|-64|-66|-86|-27|-53|32|66|-99|88|-96|-36|-23|-14|-67|0
0|74|-23|-2|-11|-12|-52|-29|29|-38|-20|63|-63|-81|-93|-79|-3|-21|-95|26|67|7|96|-95|5|-77|-70|77|-41|-55|100|75|97|89|-14|-26|-42|-96|63|83|-13|22|-63|62|98|74|65|-2|37|66|4|71|-12|-17|-81|-64|44|46|-89|-34|-29|-88|-1|-25|48|38|-98|-36|-56|12|90|85|-60|87|26|3|-30|-84|-44|-69|-49|-65|-24|3|-34|37|-36|33|60|-32|-10|-18|-82|37|-20|-60|47|95|53|0
0|98|-99|-60|-14|-51|37|84|-55|-31|80|-15|85|62|-30|-24|68|11|-43|66|23|83|10|-16|91|-91|-39|-33|45|0|87|-5|-35|46|-77|30|47|-63|-31|-10|-36|-23|80|-13|-34|-41|36|-3|25|54|56|-29|36|-100|67|-77|100|97|34|37|-65|37|-95|-92|-46|-25|-30|-41|-97|4|-33|5|-36|-44|-33|59|44|95|-57|-86|26|38|-12|-80|62|43|-48|-75|78|-73|-40|-76|-100|97|-69|-74|47|-48|-79|0
0|19|91|-5|84|63|10|52|-18|65|87|-49|18|38|9|-81|65|-41|-37|-78|-66|12|-6|-90|-17|19|-68|-86|99|-44|76|8|-11|-51|-68|-45|42|64|86|-80|-30|-24|-47|-57|-82|-54|21|-34|26|-55|12|-8|69|-82|16|-30|-17|-63|-46|87|-99|4|-14|-47|-43|52|70|97|51|-97|-12|-32|-29|84|72|18|37|43|9|66|-46|-93|40|-71|-27|-17|5|84|4|57|70|-43|34|-74|6|81|-60|-13|-89|0
0|-55|-51|71|-95|59|-95|75|19|42|6|91|-39|65|-98|-88|41|6|67|-60|-29|-1|-73|66|95|47|2|-81|-68|-100|-6|35|-84|33|82|56|58|-87|3|67|96|52|55|-41|-30|73|88|17|77|20|42|-75|93|-81|44|6|59|-33|-42|-40|-79|-9|18|-91|19|-53|-44|-79|-81|87|-12|69|-97|59|73|11|25|89|-19|66|48|-41|10|-44|-40|-64|-62|-27|56|99|79|-99|7|-52|-90|97|-75|-60|-100|0
0|96|-45|-93|-83|-53|68|-44|-68|94|-56|-28|57|32|-14|-12|-80|36|57|-16|-29|82|3|-13|33|99|90|57|62|-65|33|58|4|-37|-52|81|64|37|-50|-48|56|-34|24|-62|68|-97|51|38|-52|-56|34|-38|-8|38|-4|12|-60|99|7|59|-47|-92|-80|-89|74|40|-19|57|-86|-20|-34|-37|-91|-99|-45|50|-70|76|69|78|-26|80|-6|73|93|-68|97|1|21|67|-61|85|-46|-98|-75|-3|-31|-45|89|0
0|-13|56|-65|-70|-48|-61|18|-63|-35|-88|93|32|-64|-35|-99|36|-13|7|-1|98|-51|-99|64|-19|61|-77|34|13|-32|97|-24|42|-72|-32|-71|11|-76|9|0|-55|-59|77|84|67|21|53|59|-65|0|-7|-21|42|-84|61|73|-82|72|0|92|46|24|58|-73|21|57|18|82|57|14|-74|-54|48|96|82|-50|96|61|-80|-45|-3|73|26|69|82|4|68|-97|33|-2|78|12|100|89|-85|-55|28|65|-3|0
0|-78|48|-76|-6|-24|4|13|-72|-63|8|94|-74|-74|93|33|-47|-53|97|41|-88|11|4|-34|37|-40|-42|-58|-99|-65|-19|0|33|5|29|63|-15|-78|54|51|-95|34|93|50|-97|-20|-27|-51|97|28|-76|81|-53|100|-29|87|15|47|15|57|92|-86|-79|-72|-94|71|-30|-77|-41|93|46|-46|-50|17|67|10|49|50|9|-19|39|-97|-53|51|-20|50|-53|-14|6|-88|64|9|-92|39|-6|-16|11|54|-73|0
0|-86|2|-7|-32|8|99|94|31|60|32|13|35|-71|61|-19|65|86|85|97|-33|96|24|23|4|41|38|-60|-49|52|-50|-43|68|-53|95|78|61|-91|41|-57|-65|64|61|-33|39|-37|-97|-89|-21|-54|-48|77|-96|-26|92|1|9|31|-96|30|46|-62|-12|40|-58|18|26|33|100|-49|-55|83|-56|-23|-26|-19|17|86|-1|-37|-75|-58|62|-42|19|-54|-75|15|91|-60|25|-78|97|-76|-9|44|-90|26|-74|0
0|-63|-59|-91|-66|-4|-46|-65|10|78|54|89|92|30|-79|-17|-94|66|-67|81|76|100|70|-20|77|76|-78|-98|17|-96|-83|4|61|-9|-34|-47|21|-49|100|0|34|-70|51|32|-68|61|-47|-52|-93|-85|85|2|-13|48|66|17|84|92|-87|-73|53|87|12|64|-82|80|17|54|-8|-74|-15|57|-41|-7|5|-7|55|26|-30|38|-62|-100|84|72|-78|-76|-29|93|-20|-13|52|-52|46|59|-98|-81|-72|-8|-75|0
0|-17|50|52|-48|100|86|76|16|60|56|-20|-90|-100|-10|-52|10|17|81|-93|61|20|21|76|-48|-49|74|-50|45|95|12|-79|-7|95|-1|-17|-76|54|42|67|88|19|-66|-8|-22|11|-49|68|-84|97|11|56|87|52|69|13|64|-25|-62|-73|48|65|88|3|69|-6|-37|92|-84|33|45|84|-15|-41|89|10|-19|-46|58|20|-78|22|-32|89|-44|26|-29|-19|94|-68|-43|80|-97|79|-55|-46|-78|32|91|0
0|-96|-58|-27|27|27|90|-41|43|84|-42|45|-62|29|-40|16|26|75|-75|20|77|-72|-60|93|-99|-74|-77|-65|-10|25|-71|89|-6|79|87|72|19|68|46|-72|-36|0|-10|-9|48|56|-28|27|-6|-54|53|-87|-85|81|20|52|35|60|14|-91|46|-58|-90|83|46|74|5|-33|31|78|71|90|-70|12|-67|61|60|97|-32|-40|-74|-31|-100|-35|76|16|-71|-35|-59|-6|-54|-33|50|-68|34|29|-49|-49|47|0
0|-40|96|-77|-83|-13|-9|-21|98|-64|-96|-41|-97|-72|3|16|-96|65|67|33|-28|98|-87|43|-50|95|9|-2|37|99|-40|74|77|71|-57|89|-42|26|-73|7|42|42|-11|79|33|7|-81|-13|81|94|82|-54|-68|-60|47|-18|-39|-49|-50|-15|-33|-68|-79|65|44|-23|-90|86|48|18|85|-20|71|-25|42|6|43|-83|33|31|-74|70|-30|-85|-64|19|-5|3|95|-86|-100|72|-29|-70|42|7|-60|-61|39|0
0|-1|-36|2|-84|-85|13|8|27|-21|-98|25|9|-56|3|47|-73|-46|-16|-45|-1|55|68|-42|43|48|18|79|-35|-84|-70|-21|45|66|80|6|-11|-10|-81|-72|-99|-56|77|78|-88|-92|-48|-56|-43|14|95|21|-52|-99|18|20|-49|54|-58|-76|-81|-32|6|-24|-41|-79|12|0|71|72|76|-23|-18|86|-31|37|-16|-25|57|48|-56|96|23|39|78|-9|64|-34|89|42|68|8|-27|3|56|48|-63|-7|-79|0
0|-91|24|-12|100|97|-69|37|-88|26|-92|-99|82|-47|92|42|-11|-31|-34|-67|35|-53|-15|19|89|11|56|-6|85|73|-6|-85|71|-27|-65|5|16|-4|16|-85|-10|-98|33|36|32|-27|87|-4|80|11|9|-3|-83|-93|29|-98|-66|-42|16|-88|-75|47|91|79|70|-65|9|-27|88|39|13|32|15|-64|-16|88|94|100|60|-16|23|-18|81|81|-28|65|82|43|22|-9|79|83|-34|-23|-4|-32|36|7|36|0
0|-68|53|-37|-64|-62|35|45|-15|92|-50|20|84|14|96|-41|-70|-38|-76|-50|60|-38|81|-13|-28|-78|-88|-64|-41|-1|78|86|-47|-51|36|73|-92|41|33|-9|-10|17|-100|46|93|66|68|-10|-84|-17|-55|65|1|10|-11|-79|11|47|-19|-26|-41|-71|-4|-60|-54|-41|75|-28|55|13|-50|31|-87|-56|95|70|-39|95|-86|52|63|3|-72|89|-83|-10|50|-79|54|-71|-15|-79|-82|10|-99|-28|-20|24|32|0
0|-31|-65|47|95|21|-93|34|-84|39|47|-70|-36|-55|9|100|60|-25|-19|6|-81|40|-34|-84|-18|-91|-96|32|90|-41|92|20|5|12|-100|-10|98|47|-83|-68|74|30|-64|-27|78|-64|-64|43|73|96|-87|-76|89|-36|-23|-91|-52|57|31|28|-30|30|-63|34|-87|75|-17|41|49|33|-95|-92|-80|-2|36|-71|-11|4|-21|42|-30|15|-29|-19|-70|24|19|12|-76|12|33|79|-9|94|-1|18|-27|35|18|0
0|-98|-82|99|97|95|-34|28|-86|-88|79|-26|-2|85|-53|1|69|-29|50|95|-40|-41|-98|-49|-12|27|45|74|-94|56|59|100|-74|25|89|-11|-73|78|-55|27|71|-13|97|67|34|-9|-55|99|85|-48|50|-11|-37|26|41|14|-65|33|-59|39|46|15|-54|52|-23|5|-40|-47|44|-86|47|94|38|-65|-70|66|98|51|-18|86|20|-93|89|-91|-44|-89|-67|56|-22|-70|-64|-8|97|79|89|-88|-39|56|44|0
0|-2|0|66|4|-48|73|78|-22|-62|-20|-78|9|46|-38|-32|52|87|16|-7|18|-20|91|-98|-94|94|71|69|-16|85|76|-100|44|-42|98|34|0|-67|61|4|39|-13|48|-62|-9|39|-96|83|-74|-50|-53|53|12|71|-22|-56|-42|0|94|-93|74|7|-92|-83|-30|-52|-10|-74|-13|95|-98|81|18|-8|-44|97|1|28|6|57|71|97|-4|-25|11|-22|-66|-1|-38|79|-2|-91|-41|-29|59|-4|-82|-35|-81|0
0|-97|41|-91|-26|-50|23|-72|-22|31|73|80|-60|-63|-64|-25|90|-17|-64|61|-7|-38|84|-28|92|-26|-75|-46|56|-92|-52|-19|32|-97|-69|88|-29|49|26|75|86|54|66|-3|17|-75|8|99|-78|5|-37|70|-60|-62|-56|4|65|28|-54|-99|10|-54|-71|60|-27|75|61|4|-20|-74|-58|-12|59|-3|44|28|59|-69|-14|63|-34|58|22|87|84|-54|99|56|-32|0|-59|-35|-43|1|-95|-71|-52|-24|-3|0
0|-2|-82|8|90|-3|-34|12|88|75|-97|41|36|-32|43|-42|6|36|-24|17|61|-27|-15|40|16|-85|56|15|74|62|-52|-40|-43|98|-100|46|-62|-11|88|65|55|91|90|63|-95|-76|-77|8|0|-73|7|-29|-96|-86|-47|29|0|79|-87|-73|-10|26|-30|-54|-39|40|68|-94|93|-85|-63|-57|96|-1|33|-15|73|86|-12|-56|-92|70|-54|93|-5|-77|62|-88|-92|-63|-61|20|65|10|-51|-10|-88|-41|82|0
0|-3|-72|54|-3|53|-42|-84|-92|-75|-74|6|42|50|77|-73|36|-22|79|60|-2|5|-34|-14|64|-17|19|-75|9|-86|-9|-3|-34|42|76|-95|-54|-80|85|-83|-73|-32|78|-50|75|-32|-98|29|-53|-74|-41|-23|32|-58|-88|-13|89|48|20|-68|-33|-22|48|31|-77|-77|-95|59|97|91|7|-80|50|80|77|-23|-54|-74|-52|-78|43|-90|83|-36|12|-99|-63|75|-56|-31|-41|7|13|11|78|5|100|-83|51|0
0|68|18|77|49|-85|-85|97|8|-66|-38|21|83|-40|-39|56|-23|-95|33|65|10|45|-92|-68|91|2|4|-98|69|-45|59|97|-28|-94|48|83|84|51|35|35|-93|10|46|20|32|5|91|61|25|43|-12|-56|37|62|-69|28|-62|-17|-24|-42|-5|-90|40|-92|74|32|2|-6|-2|-29|32|68|28|-12|-2|-36|41|55|94|-56|9|-83|-50|29|-92|-97|52|40|50|40|-50|50|85|61|3|50|-53|-62|25|0
0|-74|-5|-98|-36|25|-39|-65|13|11|-16|5|47|21|24|-79|50|-40|32|-58|89|51|8|68|40|75|-98|-91|-85|-39|-74|47|-42|15|-87|-30|-8|85|76|-30|9|32|-47|-45|98|71|-29|5|-95|77|-67|-56|36|68|92|71|25|14|39|-1|54|92|83|35|-9|-27|-14|-87|-69|-49|77|-21|-92|17|91|5|-18|93|-94|9|-30|66|-25|75|-69|-80|43|75|42|66|-41|84|63|50|19|-94|11|-92|70|0
0|-86|47|84|-47|30|-95|78|28|35|63|27|-46|-73|51|9|-49|86|-100|-1|-38|55|-10|42|68|-64|81|-11|20|-99|13|96|98|-56|18|-14|-31|-1|-98|45|-82|53|2|-48|-85|60|29|-82|47|-7|-82|-75|-3|-86|72|-85|2|-72|-27|-87|15|-17|78|63|-25|-48|83|5|-85|-78|-80|82|-59|-24|7|-82|42|11|41|85|-26|-9|1|45|-81|-72|82|31|20|-9|-50|-55|2|-9|-3|-46|-42|-98|-46|0
0|11|41|-13|-52|-43|-54|-35|27|-61|10|-53|53|50|21|-28|-32|52|-75|9|-80|-32|46|-99|10|-71|-12|-12|-74|96|98|-60|79|-33|27|-62|11|-2|-24|-26|-5|-76|60|-20|-34|-24|-68|-17|39|7|-59|28|64|61|43|-16|58|42|-13|-88|-54|-62|10|-95|36|50|2|-25|-31|88|13|97|-85|52|12|57|-61|-12|-45|-35|60|-16|-58|32|98|-51|82|39|68|30|-5|-44|100|-15|-74|-54|-81|-16|-80|0
0|-42|-26|25|-58|60|-42|-3|-57|17|-97|75|-46|-81|67|62|-21|-80|-26|-3|73|54|-32|13|81|33|47|-61|96|44|4|-74|35|55|34|82|85|56|79|23|-1|-68|-6|7|74|43|-20|76|57|-94|-91|-12|-65|-67|-93|17|57|-44|-92|-100|-40|59|13|-67|92|39|-72|-23|34|14|-50|-64|-5|22|-30|-100|67|-75|29|13|20|-19|-99|49|-29|2|41|84|97|99|32|92|-58|-54|64|-95|31|20|-32|0
0|35|60|82|-1|-22|-68|58|-99|87|-72|-23|-70|63|-37|-35|-86|-2|-37|97|67|19|52|68|56|83|6|-69|88|-67|-66|-79|31|-74|-92|12|75|34|65|-73|58|-33|44|-26|77|-34|30|-32|46|19|48|73|21|-75|-19|-65|76|1|-4|30|15|44|77|99|53|-34|71|9|-72|23|29|-78|-52|-51|-1|-18|31|74|4|52|79|24|-58|-22|-12|-86|0|86|-91|99|-99|-27|99|19|94|-31|-66|-59|39|0
0|-28|-100|51|69|-13|13|-57|43|-54|-27|92|85|-1|-63|100|4|57|24|-58|-80|-42|-19|-74|-45|39|69|-42|-19|-72|-37|-34|51|36|-70|-51|35|97|-41|-73|-50|-81|80|-93|0|61|-44|-29|-72|-74|-73|-59|-34|71|87|28|21|5|68|-96|72|14|-43|-96|-3|-75|-28|68|-84|79|37|42|20|-27|-46|-94|56|-32|-72|-96|-12|-66|-35|91|19|-18|-24|-50|80|47|40|-60|-69|44|67|-99|-29|-5|16|0
0|-81|-45|-27|-30|67|29|48|-54|50|-45|-93|30|92|57|-69|53|-25|-16|-73|-43|-17|32|-37|31|72|-50|39|38|-32|10|79|-84|-85|6|-28|-57|18|-13|8|-55|-95|75|19|27|49|0|-26|7|62|71|-24|-23|-93|-34|-12|67|-84|77|-4|51|-56|-88|-80|25|-28|-76|23|-33|-2|-73|29|-81|-65|-17|-75|96|-41|-17|-11|88|4|80|-58|-77|34|-69|1|70|-35|-52|78|62|-72|75|-16|-68|-46|58|0
0|-82|-87|-1|-73|-78|-41|-86|84|53|-67|-86|-58|-64|-80|-96|-17|14|-77|-4|-60|-25|-80|35|-98|14|99|80|2|93|-44|-67|-26|12|-22|36|-72|-6|-14|45|39|-77|-73|92|-90|19|-50|-80|-43|10|81|-19|-52|-64|-75|-93|-66|-39|-84|-13|41|-80|75|-69|6|-31|4|-8|-82|-50|50|84|-29|19|98|8|52|-11|-51|34|75|47|71|-62|90|-71|-78|32|47|11|-54|-8|21|52|4|-5|-33|-26|57|0
0|31|-94|-89|-25|-70|64|-72|35|2|-96|5|45|74|-65|69|-48|62|-75|82|-17|52|60|-90|-44|-3|-80|-66|12|52|-77|-23|56|44|-29|-94|6|-65|-40|-25|10|73|-42|-82|-19|-96|19|50|39|-20|-40|-23|55|86|-32|86|47|-32|6|30|83|-16|80|48|97|51|-1|35|-5|-49|24|74|-21|85|64|48|80|-28|-76|-59|-17|-1|91|-28|-52|30|-95|41|-58|74|-25|-33|19|18|29|69|-88|-77|77|0
0|54|-5|33|-62|-73|-27|26|54|13|97|-15|47|18|-75|59|80|8|-34|70|63|29|11|-12|-91|-76|-47|-78|-45|92|59|47|-43|-87|-92|79|39|80|2|91|10|-40|-46|-15|97|76|-21|-67|-96|-98|17|31|-43|-38|-54|99|54|-52|40|-18|42|-45|50|95|-61|-69|6|-95|-6|-66|14|-94|-98|22|78|32|62|39|-62|47|-23|28|-34|22|-66|93|-15|34|22|85|73|-94|18|-1|-19|-23|74|62|26|0
0|-57|99|-68|62|-28|21|-68|-35|-82|-65|-4|-83|-18|22|-25|-74|100|-71|75|1|-52|65|-75|-42|-34|-87|29|-14|56|33|75|-66|82|-85|-97|42|-56|56|-39|79|20|-63|71|-66|-16|-53|-89|-75|-95|79|44|-5|-27|51|66|1|-47|-30|91|-17|97|83|-66|-66|-29|14|16|0|25|-2|73|56|-13|-14|-76|31|-77|-21|-90|0|-17|7|1|65|2|45|-6|-17|20|-95|-47|-85|-6|83|-77|11|-80|5|0
0|5|-94|57|35|20|59|-80|62|-28|44|56|-33|-38|81|37|-86|95|45|76|4|-11|-78|-51|45|29|13|-95|37|54|62|92|-18|61|21|-82|-81|83|-66|91|-63|87|-82|-98|-68|15|76|-78|-8|23|70|-46|-9|-74|6|-100|-71|-33|-78|35|97|-54|-65|50|-87|46|17|28|13|91|-16|-79|-2|44|63|33|-14|18|9|-47|-93|-94|44|95|-33|-14|65|5|-94|41|59|45|-38|24|34|84|-89|-5|4|0
0|60|40|-1|66|-61|-10|-47|-33|-36|77|47|98|-93|17|-12|17|-21|-73|-36|44|-93|-17|58|7|-91|38|15|-13|0|20|-35|-45|-53|43|-17|-71|-20|-82|-2|-22|31|-76|-60|78|-16|30|1|45|34|15|-49|-9|100|8|-42|-36|98|-95|55|-10|93|-22|-8|-37|-19|-76|15|-89|-77|27|-39|-61|-21|1|67|12|5|93|-38|-91|-48|61|-22|-54|57|88|36|-23|-76|-31|-19|-23|-23|60|-25|-76|-47|-17|0
0|-11|-58|-2|79|74|68|91|-22|-53|45|-20|-65|42|6|-14|-41|13|-83|-39|-100|-90|89|81|42|34|-49|-59|95|-2|-66|-86|47|-74|87|45|-7|-60|-76|-48|-23|24|74|28|7|-79|69|-65|13|-52|44|2|-41|10|-46|-76|56|24|81|24|-85|-44|50|23|41|69|-14|-96|-6|61|-30|32|55|28|8|64|-21|37|-68|63|84|20|55|-82|-80|-18|-57|-56|-85|99|-87|60|-36|-100|36|47|-50|-11|65|0
0|-31|-37|14|-52|-14|88|-19|58|7|-48|-11|-87|-35|18|34|54|-63|33|20|66|82|-40|-62|39|-16|36|91|8|6|98|-50|-83|-87|-46|27|8|-33|7|4|61|-61|-18|-95|-13|86|17|-36|75|-59|43|50|-31|-93|-52|39|-52|44|-8|-98|-54|73|46|-23|-91|-46|66|0|27|89|79|50|-90|-12|-36|-31|35|27|-65|-91|97|47|-80|3|38|45|5|-37|-20|-77|-48|-63|-84|12|26|98|-54|26|-79|0
0|26|-38|3|-39|64|-56|-30|69|80|73|-59|-66|74|-26|53|96|31|43|19|-24|91|44|-54|32|-56|17|-27|44|31|-81|71|-62|-64|-51|12|29|-85|28|42|32|-37|-77|-49|-19|-21|-69|-2|-57|22|81|44|-53|-1|20|45|-70|-49|-15|-89|-92|-68|80|-97|-67|80|-100|82|-83|94|-93|42|-6|91|-34|91|-44|-8|-26|100|63|-92|12|-30|6|17|100|79|-81|-26|-90|-57|57|44|-21|3|-45|-60|-83|0
0|1|75|-45|-35|-42|-8|77|86|47|-89|57|64|74|-43|34|-57|21|30|81|-85|15|76|7|47|73|-46|14|-88|-59|-16|-33|24|35|-63|-9|-77|-76|-11|28|-35|17|-90|79|18|-19|-70|-41|-77|-20|19|-43|53|-98|-13|-9|-51|-7|5|0|-15|99|-63|88|-14|-56|60|-45|-12|35|-100|-17|30|65|-52|-62|-73|-32|-85|-70|72|90|-89|-34|100|-73|44|60|49|-91|100|82|19|-23|56|72|10|56|50|0
0|-99|14|39|-94|-81|50|-4|16|0|69|72|-74|49|-23|35|-3|-98|-57|88|-46|-55|-51|36|32|10|-41|-5|-90|-93|11|-82|31|-10|-2|-42|-75|-9|-54|-95|93|-76|86|40|1|11|-24|-23|-39|76|-96|68|-23|96|89|98|20|-73|-14|51|92|-62|-92|-31|93|43|-77|-28|29|-52|-26|51|42|89|-82|51|4|-97|97|31|81|89|-92|-42|-29|45|-42|-68|43|-70|25|85|18|32|-48|95|-57|79|26|0
0|24|-27|15|61|-14|-86|-60|27|32|-79|-15|-28|79|-36|-2|83|95|-13|-17|82|-47|99|60|93|-92|32|-30|57|67|96|7|79|13|-69|-85|15|98|-58|-1|-44|24|-84|40|45|-37|-93|-2|89|41|28|64|-74|-82|22|-92|12|2|77|-63|6|-90|-20|78|84|2|-72|-37|-45|6|83|44|54|46|75|59|100|-79|-15|68|-45|-1|43|4|-70|-15|98|86|-17|-50|43|71|72|3|-1|-79|-64|-67|-30|0
0|-50|-18|-49|88|-99|-60|63|31|-12|-77|93|-37|98|-19|-38|60|95|-92|50|53|-28|-46|-14|96|29|-68|-3|24|-59|-79|-4|95|77|45|-51|-52|34|-96|-94|4|-97|47|-78|95|-77|-79|-27|-9|-99|-88|74|-70|-1|11|-32|80|-13|45|37|-26|46|-64|-24|-78|-23|30|19|100|-44|-76|9|-15|-70|26|-39|34|-79|85|46|-11|64|-13|85|-80|-67|37|-59|61|1|68|45|-3|-44|88|10|39|73|22|0
0|-41|75|48|-46|100|-76|-51|64|85|16|-12|2|73|-15|-92|19|-17|-1|98|94|46|-26|4|-59|-12|-60|-37|40|-100|-93|44|92|-37|-74|-46|60|-34|-50|33|44|-96|-97|56|68|82|8|-62|-80|72|100|-4|-61|-96|-54|18|-84|-71|-82|-73|-58|15|-85|16|-50|45|95|-16|-46|96|96|-17|-58|-53|-3|88|-6|30|34|-53|17|88|-45|-69|-50|36|46|25|-54|21|78|-6|-85|-70|12|-56|-49|54|-54|0
0|-39|-8|46|23|57|-26|61|48|24|54|-19|88|33|85|89|50|42|77|-42|72|30|-40|-30|3|-44|42|-24|-55|-87|78|74|52|79|-4|-80|-9|-86|-63|82|56|71|-18|48|73|-6|73|77|-68|90|-88|25|-11|-30|-41|21|-20|-1|-51|12|-89|-94|-48|-85|-59|1|-15|-33|-50|-29|-11|-100|56|73|-66|-30|58|5|-30|-48|-82|50|-60|-47|48|-34|31|30|-48|57|33|-1|41|-66|99|36|-42|32|60|0
0|29|-60|54|68|97|-44|-7|93|17|-46|-49|-3|81|43|87|-31|-27|-8|21|-60|30|48|30|-39|73|-16|30|74|-13|-34|14|77|72|26|-65|25|30|-86|57|-100|81|63|55|91|-63|-67|-33|-15|81|-20|-79|67|-10|95|-50|-36|-72|-40|-42|14|94|-56|-56|-10|-72|-7|-84|31|-86|-53|52|34|2|-13|-12|-26|71|-5|37|-71|-39|17|41|9|-79|-30|28|-87|-11|43|12|-20|3|-50|3|54|-27|31|0
0|74|30|69|49|62|-93|-28|-32|-47|-25|-77|-22|78|-22|-86|50|-94|-81|-65|-70|-18|-7|89|-40|-49|62|100|46|-3|26|-73|-62|51|-47|2|1|-61|90|41|29|55|-31|85|62|12|92|-28|-14|-78|3|53|60|-80|4|-4|-99|-5|-21|96|-35|-1|63|85|-54|41|4|-22|42|7|91|74|22|-2|16|-94|28|-78|53|96|96|95|1|30|34|-93|79|-96|4|-84|43|67|-90|50|-67|89|-66|-13|98|0
0|-45|-76|32|51|-48|20|-33|-72|-4|3|-3|4|54|-74|-16|-64|38|10|-88|32|52|30|-62|99|-9|-21|92|-66|6|92|-62|-10|97|-42|-95|-76|12|76|70|-12|54|35|4|-58|-45|-22|70|-39|-27|69|81|17|84|66|7|-11|-75|-94|-86|-43|74|5|-79|35|15|-68|-83|27|-11|-79|100|80|61|32|13|37|73|-71|47|-3|39|-36|-73|90|44|-18|95|-85|-53|90|17|-29|-91|-85|87|-30|-56|-91|0
0|64|-20|-64|-82|19|64|-82|32|-37|36|-2|-7|34|-6|15|-62|68|-30|-31|56|-78|-45|-68|-90|-30|17|-31|93|64|31|-48|-43|-11|27|-12|-6|44|-55|-77|-16|94|24|-2|-50|7|-16|-64|89|-83|57|-93|91|22|-73|81|97|-60|24|39|74|-32|30|-51|54|-21|59|72|-18|75|10|24|62|87|84|-8|99|-21|58|26|21|-25|32|51|-52|65|28|93|4|9|25|-13|-27|1|-27|88|66|-87|-84|0
0|88|-33|-54|93|55|-85|71|-1|-16|-11|58|39|-6|6|21|19|38|82|-68|19|-66|51|-58|-34|-58|-94|-81|-34|-53|54|15|-66|22|69|37|-80|-29|-76|16|65|75|93|-80|9|26|94|-13|-65|73|93|-22|-21|-11|84|-25|12|-77|-29|-91|19|29|70|-94|-46|-11|-28|1|14|-89|-77|97|-56|32|-63|29|-56|-7|57|-14|-69|-94|37|78|-61|-34|100|32|-42|52|-29|-72|64|89|90|75|24|-16|83|0
0|50|-23|86|82|-53|-3|64|-79|-75|80|18|63|29|-35|-1|28|93|6|-31|-1|65|18|40|-86|99|-84|38|-39|-47|87|-60|75|-4|-44|-80|-79|-38|39|-68|18|73|-25|58|91|-93|-71|-20|-46|12|65|64|-64|70|-28|46|-52|-14|70|-49|-51|-90|-93|29|91|86|15|87|-31|-89|-23|-91|18|-68|-4|84|13|-23|-33|74|-12|9|32|20|-100|65|11|-64|29|9|-54|-24|37|-71|-28|-36|15|19|-17|0
0|-14|-80|-50|41|-87|21|-32|53|-23|-8|6|-70|-68|58|92|16|-67|-11|17|22|-32|10|-78|-57|-9|-16|-76|24|-56|58|-94|-44|87|-8|-87|27|31|89|44|42|1|77|72|-54|-22|82|-67|28|-35|-38|66|-89|-6|68|62|-97|-73|81|33|-43|-68|-78|80|-80|-61|-53|-81|-4|-86|56|91|-42|-19|16|-97|87|26|25|57|-35|-91|66|90|22|-1|-48|34|89|-57|51|17|39|-70|14|68|-31|53|46|0
0|73|80|87|-17|-47|5|12|-75|-39|-98|29|7|19|29|-33|97|-43|-47|-23|-76|-81|-3|-9|-53|-45|99|-70|-28|-46|-68|-33|-96|72|50|-6|-54|74|2|-32|-76|-58|4|29|88|-61|-12|-96|3|-14|64|-97|-86|80|-44|-50|-70|34|90|-29|-82|37|-28|-68|-60|-90|89|8|-29|-95|48|33|20|94|-15|36|-3|89|98|-78|-47|64|58|61|97|-98|22|77|-96|19|73|-11|-19|-55|-64|-23|-7|-59|89|0
0|-59|0|38|-92|41|98|34|-19|-65|41|51|-38|-45|-9|44|-10|-84|-73|8|66|4|74|-6|-39|-32|61|60|97|28|19|-58|10|17|-26|-17|72|-9|54|-51|-92|91|17|11|79|-45|59|75|30|-15|-50|34|0|64|45|53|98|53|21|-78|-50|-29|37|81|33|19|82|-2|61|-88|40|23|-43|46|-5|-88|87|96|36|-71|76|-35|-8|-70|-31|-18|0|28|32|4|90|-63|45|56|1|12|91|58|6|0
0|-62|23|64|84|32|-50|71|32|-84|-66|4|-91|95|6|-83|20|-22|4|77|45|100|-1|48|88|21|26|-97|-96|-33|-54|7|-52|97|-49|-82|-51|-75|-41|82|-72|76|-69|-46|-29|-50|-89|64|87|10|-86|28|-16|-21|62|-35|-17|-43|-62|-86|-84|-65|-24|49|97|-98|2|-72|34|-50|-30|-86|78|-32|-76|72|-15|-68|-70|84|85|-73|95|70|37|-31|-40|94|7|-73|17|-5|-91|-4|24|82|-81|83|58|0
0|91|-32|15|37|-89|51|8|39|35|84|-81|-6|-53|-100|84|-4|-77|-73|-29|97|-76|-93|-5|-29|14|64|87|-48|81|91|-94|10|-87|-65|55|-36|-33|-59|-97|-29|82|21|99|-56|24|71|54|-25|88|-89|-51|-37|-90|77|62|-80|79|20|87|37|79|87|49|54|-74|47|38|39|52|-5|39|-48|65|43|-61|-81|30|60|-69|57|78|86|-8|35|-57|-3|-65|-15|-71|32|-3|-81|25|-88|100|53|-15|-13|0
0|-76|33|91|69|-31|-52|-96|66|-7|68|91|16|66|63|95|21|79|99|57|76|-20|-33|-40|-23|-29|-71|-3|29|73|83|95|-91|48|73|-8|-91|-31|40|-61|-17|-8|55|-85|16|43|51|-70|37|77|40|71|11|71|-94|69|40|29|57|98|38|42|-9|-84|78|23|-15|25|75|-5|63|-12|-58|0|-85|-26|-85|-51|21|68|-92|-71|-50|-100|42|-21|77|29|47|80|-27|-15|-40|-42|48|-71|30|-69|89|0
0|91|-24|66|-73|54|42|-86|-66|36|91|-44|63|-51|-19|-11|82|71|-19|-85|-98|-23|21|21|92|-95|97|83|-58|7|-53|66|-76|45|6|-64|-68|-58|32|22|78|-67|-41|-7|53|11|50|-34|50|82|-73|71|-99|-21|-37|-66|67|18|17|-74|10|-26|77|94|-66|80|-38|-14|-14|89|-77|7|-98|-80|95|-22|-70|32|-61|-43|75|-22|-88|-30|7|13|39|-73|-60|28|-52|10|-26|68|-30|64|-41|97|-3|0
0|12|94|36|36|-62|86|96|89|-72|4|-90|-47|-57|-55|51|-92|38|55|82|49|-37|-14|72|-60|-71|0|-15|8|19|3|-63|17|-74|39|17|-12|45|-72|27|-39|-91|-44|93|-60|-57|-64|-86|83|46|-22|-10|-77|12|3|-16|19|43|-30|29|74|-65|2|36|-2|-35|-90|18|-26|-89|-97|18|-91|-42|-79|-61|62|14|-79|96|66|10|-90|67|79|81|-9|-54|-89|-17|-3|-33|-76|-23|-72|-46|16|-58|90|0
0|6|-65|63|68|90|30|83|-67|94|58|95|70|10|-25|13|93|-62|2|97|75|-45|-4|-3|-38|-69|4|-15|-95|-12|59|32|39|-47|-24|29|-18|-64|-93|27|68|-42|-38|-8|-69|-10|11|-71|92|100|-29|61|2|-94|-64|51|-50|-98|-19|68|-86|-79|88|83|-78|-54|-87|53|-44|42|-31|95|-8|-48|-36|-85|-39|93|55|-69|37|-79|25|34|23|-43|-37|99|100|-60|-64|-2|-70|59|91|-92|40|-58|18|0
0|-38|12|-12|-23|46|40|85|100|39|-27|47|43|14|-80|38|63|-95|-96|-15|96|-90|15|-24|-28|7|45|54|42|-11|83|93|30|4|-95|29|-80|51|-59|-97|98|74|-89|34|57|29|41|100|-34|23|-6|-95|-58|18|27|4|-19|45|-84|-71|-54|-79|87|-91|18|73|-40|-49|-50|80|-77|-93|63|-8|69|17|-14|83|-68|-96|-13|39|-75|-25|33|18|-8|0|26|-97|82|5|85|-74|-17|89|-56|59|40|0
0|-10|-70|50|-87|-94|-74|17|-42|-51|69|-2|15|-43|50|-76|11|26|19|-87|-27|31|88|41|-49|47|63|5|44|5|76|13|-55|-1|62|20|-72|-74|64|83|-24|31|24|-53|-17|-28|-15|-3|-56|17|32|-72|36|7|50|-7|-37|-34|-44|44|77|-67|50|-42|82|-34|-9|26|75|-44|-5|67|-51|9|-44|-99|-92|55|32|99|45|20|4|84|42|-23|63|43|3|48|-82|45|-96|5|-47|53|23|-63|-27|0
0|53|51|100|-85|-96|-75|-36|-74|-81|86|-86|-7|-84|-33|-85|-31|7|-35|-91|70|-62|-32|26|-74|34|69|42|60|60|51|47|76|-57|-63|96|37|10|90|81|-74|66|2|-27|-57|29|76|-71|-91|25|45|2|-62|4|-16|95|25|68|-73|17|-49|-27|-85|-52|38|-44|94|1|87|99|-1|68|22|-14|-33|-74|24|-38|65|26|-24|-69|-28|-10|93|-82|43|86|-84|46|29|25|-89|-36|57|-39|-55|100|39|0
0|-2|71|-39|-41|-65|-48|98|43|7|24|-70|-70|-52|30|94|-99|-47|66|-97|54|9|54|-35|23|94|73|12|73|91|-53|-50|31|-62|-11|-71|-67|-47|-90|-31|46|84|-4|-2|-47|92|-81|34|3|2|9|-78|-67|-96|-55|52|83|33|-73|35|-20|71|-48|68|18|-98|8|-80|-64|78|-53|-25|8|-33|32|-99|80|43|96|-87|39|-75|27|-77|-21|-1|-35|71|-3|-56|-97|-98|-9|-48|24|72|-74|-15|94|0
0|-9|-20|-1|-41|-19|77|3|-5|18|19|7|-44|-2|81|13|88|-2|74|-86|15|96|9|75|19|92|-98|-87|7|-75|-79|43|87|68|28|10|95|-15|-20|57|-45|42|59|-2|-62|-64|-32|-43|-47|77|-76|76|3|65|-47|34|46|-100|89|88|40|-23|31|-1|-97|-10|100|-8|-66|77|79|96|-20|-52|-31|52|93|-39|48|23|-85|-92|-49|-36|61|93|33|-29|94|78|-26|17|-68|38|-85|-71|59|-52|-32|0
0|-86|-86|-66|-84|-68|41|96|-10|42|49|14|86|-53|-26|-22|65|88|-21|-20|59|92|-21|-41|-23|50|-2|20|-63|-71|-24|-17|66|56|80|-63|-67|-80|99|-35|46|24|95|-84|55|-9|64|-35|89|43|33|51|-9|-53|97|-78|8|-93|-70|-82|15|48|32|-13|-94|-57|21|11|67|25|-78|81|78|54|-44|-27|-54|35|80|-3|89|0|99|-79|-20|-9|1|-60|-3|-98|-7|99|89|69|46|64|97|-49|-69|0
0|12|-46|-38|100|24|-49|20|-72|99|60|-13|67|-36|-94|61|58|-78|-62|20|23|45|-52|62|-46|21|-30|46|-70|-57|-16|-97|-58|-65|-64|-28|-3|-45|-51|8|79|-29|32|-16|88|-18|-12|-74|47|-86|-59|4|-62|-82|-95|97|-8|-5|-29|-24|37|-15|-80|-18|-43|6|-63|3|-96|40|78|-42|-61|-80|-43|63|-35|18|23|-45|-8|-55|-88|-26|-11|-15|87|-88|-48|-61|-37|-96|-95|-78|-29|71|61|44|-33|0
0|54|86|-94|79|43|93|-80|-61|-20|61|65|-16|90|75|-14|86|41|-70|98|81|0|99|-12|-8|-45|76|-62|-72|-61|53|44|24|71|-91|66|-78|86|-95|-58|-38|95|-63|-55|-42|14|96|31|-75|63|24|34|95|26|26|83|-98|-94|100|-73|80|-81|80|71|1|-35|-42|18|95|-70|39|-48|-36|-16|30|83|15|19|41|89|-48|-12|-32|0|47|9|-20|-61|-95|-40|2|9|85|-55|-45|-17|-12|63|-55|0
0|6|64|27|-69|-51|-63|-51|78|64|-19|61|-90|-46|-91|-35|-84|-44|49|-99|90|76|-98|67|-48|83|-63|45|-75|-94|10|12|-1|-71|58|68|14|76|98|0|52|-26|-70|82|58|25|93|82|-50|-45|26|-53|-54|-12|35|-41|25|59|12|98|-50|78|-66|63|-36|-92|-38|-43|-26|-69|-24|-29|-79|55|6|20|42|-95|-45|40|-96|-68|5|-20|-32|94|-30|-63|91|-18|99|-43|-10|-13|-85|31|80|-43|-11|0
0|-63|-17|21|41|13|23|65|79|36|-98|-26|32|-41|-68|-18|-48|-20|-85|-35|39|84|36|-68|-24|-81|70|27|44|-86|-46|67|49|90|79|94|12|4|76|60|-17|7|96|-47|77|-87|-97|-80|-90|-3|-28|17|-73|54|93|-8|32|-92|-23|-5|32|-13|21|-79|-17|25|-78|95|36|99|77|11|86|31|-72|-21|-70|3|52|-73|35|-79|-11|-25|-53|33|-94|-51|80|69|39|-1|-9|44|22|82|67|-67|-14|0
0|18|-91|-38|94|-17|84|-11|-22|43|-71|-18|-77|-70|-17|50|1|-70|-81|28|-16|-13|27|55|3|55|72|44|-96|39|91|33|11|-100|-5|10|66|-93|-39|11|-11|-52|-14|-22|71|-90|45|57|-55|-71|-86|-23|73|36|9|-69|-88|16|-68|18|78|30|-46|-68|-33|-64|84|-98|-93|90|22|-6|-19|11|52|-88|-60|99|66|-16|-50|-46|-2|30|-89|-78|17|58|-21|62|-62|-17|91|0|-63|-82|-84|-19|-19|0
0|46|-30|-74|55|45|-85|55|-17|-78|-10|58|37|-95|79|93|-31|-65|-34|97|-82|55|-4|39|-28|99|-66|56|-14|20|-53|31|-91|-49|-54|-33|-52|-94|-47|-35|-73|2|51|87|-35|-49|-80|21|68|68|44|-22|-25|78|62|13|-87|93|-51|-70|3|-79|-83|-43|-99|11|6|50|-46|3|55|-36|-76|-80|95|67|-64|17|-79|65|-75|-67|-80|-25|-36|-42|-90|96|73|39|-9|77|-84|83|13|40|68|49|91|0
0|29|-65|-97|32|38|99|-26|98|45|61|-79|44|37|3|-86|65|17|95|-36|-57|39|30|-41|40|-14|-9|40|-47|98|83|83|-55|40|-22|92|19|81|-70|-67|-32|-41|-74|-14|-9|6|-35|31|18|-17|-65|23|-8|-28|2|0|-77|-43|-86|-40|76|40|-52|-33|-30|-12|-3|-87|61|-89|-40|4|-29|11|-16|27|31|19|-16|-92|-68|61|-37|-18|67|-12|37|-42|82|-31|6|-35|-77|9|-92|13|-1|81|16|0
0|-44|26|25|71|-37|-26|55|41|52|14|-63|18|71|35|53|-21|-68|55|-71|-66|-60|15|-73|-77|66|28|-62|-46|-58|17|-12|17|-77|88|6|57|54|98|-31|20|-27|8|-7|-75|54|95|-28|25|58|15|-74|99|59|12|-24|76|93|-87|61|35|-86|-58|-59|66|-12|-37|22|83|73|-89|-85|4|56|-99|16|-29|94|13|31|4|40|11|-88|-77|-11|37|-34|26|64|-92|12|-40|51|21|67|-64|76|-68|0
0|-5|17|55|-66|56|-71|-93|-89|19|-87|-9|-24|97|-78|2|93|88|-47|-32|-6|-6|74|-28|-27|67|-51|58|19|-53|-2|45|7|38|-41|35|76|-50|-2|-61|7|-25|2|14|53|79|-10|-98|-49|-67|65|63|-79|-76|48|37|-62|-16|-31|92|-73|70|79|78|-27|38|-61|2|-29|21|3|-39|-31|62|83|95|44|16|-6|36|-69|42|66|40|46|63|-76|7|50|13|-10|-90|-70|7|24|52|35|-30|21|0
0|49|-95|-97|-3|-73|77|-60|-8|-30|-4|82|20|-14|-30|-23|100|-17|52|94|-63|27|-23|-72|37|70|-91|44|57|-48|56|80|-88|-33|95|33|72|37|98|18|21|88|0|-78|-10|-81|80|-28|-39|-17|-12|-63|-11|-23|8|70|14|-67|12|-31|-59|15|-64|88|61|68|-25|9|82|-84|5|11|48|-35|65|-47|-4|80|-33|-63|67|23|82|4|88|-65|0|84|44|-19|-36|-30|-46|-54|59|63|-81|64|31|0
0|0|0|0|0|0|0|0|0|0|0|0|0|0|0|0|0|0|0|0|0|0|0|0|0|0|0|0|0|0|0|0|0|0|0|0|0|0|0|0|0|0|0|0|0|0|0|0|0|0|0|0|0|0|0|0|0|0|0|0|0|0|0|0|0|0|0|0|0|0|0|0|0|0|0|0|0|0|0|0|0|0|0|0|0|0|0|0|0|0|0|0|0|0|0|0|0|0|0|0
